00100110011111010101001010010
00100110011111010101001010010
00100110011111010101001010010
00100110011111010101001010010
00100110011111010101001010010
00100110011111010101001010010
00100110011111010101001010010
222222222132123122232131322222131
1
222222222132123122232131322222131
1
222222222132123122232131322222131
1
11411141112311331322222141113121
11411141112311331322222141113121
11411141112311331322222141113121
0100000100010100000101000
0100000100010100000101000
0100000100010100000101000
0100000100010100000101000
0100000100010100000101000
00100110011111010101001010010
00100110011111010101001010010
00100110011111010101001010010
00100110011111010101001010010
00100110011111010101001010010
00100110011111010101001010010
00100110011111010101001010010
222222222132123122232131322222131
1
222222222132123122232131322222131
1
222222222132123122232131322222131
1
11411141112311331322222141113121
11411141112311331322222141113121
11411141112311331322222141113121
0100000100010100000101000
0100000100010100000101000
0100000100010100000101000
0100000100010100000101000
0100000100010100000101000
00100110011111010101001010010
00100110011111010101001010010
00100110011111010101001010010
00100110011111010101001010010
00100110011111010101001010010
00100110011111010101001010010
00100110011111010101001010010
222222222132123122232131322222131
1
222222222132123122232131322222131
1
222222222132123122232131322222131
1
11411141112311331322222141113121
11411141112311331322222141113121
11411141112311331322222141113121
0100000100010100000101000
0100000100010100000101000
0100000100010100000101000
0100000100010100000101000
0100000100010100000101000
00100110011111010101001010010
00100110011111010101001010010
00100110011111010101001010010
00100110011111010101001010010
00100110011111010101001010010
00100110011111010101001010010
00100110011111010101001010010
222222222132123122232131322222131
1
222222222132123122232131322222131
1
222222222132123122232131322222131
1
11411141112311331322222141113121
11411141112311331322222141113121
11411141112311331322222141113121
0100000100010100000101000
0100000100010100000101000
0100000100010100000101000
0100000100010100000101000
0100000100010100000101000
00100110011111010101001010010
00100110011111010101001010010
00100110011111010101001010010
00100110011111010101001010010
00100110011111010101001010010
00100110011111010101001010010
00100110011111010101001010010
222222222132123122232131322222131
1
222222222132123122232131322222131
1
222222222132123122232131322222131
1
11411141112311331322222141113121
11411141112311331322222141113121
11411141112311331322222141113121
0100000100010100000101000
0100000100010100000101000
0100000100010100000101000
0100000100010100000101000
0100000100010100000101000
00100110011111010101001010010
00100110011111010101001010010
00100110011111010101001010010
00100110011111010101001010010
00100110011111010101001010010
00100110011111010101001010010
00100110011111010101001010010
222222222132123122232131322222131
1
222222222132123122232131322222131
1
222222222132123122232131322222131
1
11411141112311331322222141113121
11411141112311331322222141113121
11411141112311331322222141113121
0100000100010100000101000
0100000100010100000101000
0100000100010100000101000
0100000100010100000101000
0100000100010100000101000
00100110011111010101001010010
00100110011111010101001010010
00100110011111010101001010010
00100110011111010101001010010
00100110011111010101001010010
00100110011111010101001010010
00100110011111010101001010010
222222222132123122232131322222131
1
222222222132123122232131322222131
1
222222222132123122232131322222131
1
11411141112311331322222141113121
11411141112311331322222141113121
11411141112311331322222141113121
0100000100010100000101000
0100000100010100000101000
0100000100010100000101000
0100000100010100000101000
0100000100010100000101000
00100110011111010101001010010
00100110011111010101001010010
00100110011111010101001010010
00100110011111010101001010010
00100110011111010101001010010
00100110011111010101001010010
00100110011111010101001010010
222222222132123122232131322222131
1
222222222132123122232131322222131
1
222222222132123122232131322222131
1
11411141112311331322222141113121
11411141112311331322222141113121
11411141112311331322222141113121
0100000100010100000101000
0100000100010100000101000
0100000100010100000101000
0100000100010100000101000
0100000100010100000101000
00100110011111010101001010010
00100110011111010101001010010
00100110011111010101001010010
00100110011111010101001010010
00100110011111010101001010010
00100110011111010101001010010
00100110011111010101001010010
222222222132123122232131322222131
1
222222222132123122232131322222131
1
222222222132123122232131322222131
1
11411141112311331322222141113121
11411141112311331322222141113121
11411141112311331322222141113121
0100000100010100000101000
0100000100010100000101000
0100000100010100000101000
0100000100010100000101000
0100000100010100000101000
00100110011111010101001010010
00100110011111010101001010010
00100110011111010101001010010
00100110011111010101001010010
00100110011111010101001010010
00100110011111010101001010010
00100110011111010101001010010
222222222132123122232131322222131
1
222222222132123122232131322222131
1
222222222132123122232131322222131
1
11411141112311331322222141113121
11411141112311331322222141113121
11411141112311331322222141113121
0100000100010100000101000
0100000100010100000101000
0100000100010100000101000
0100000100010100000101000
0100000100010100000101000
