0= 15 samples ON then 45 samples OFF 
1= 45 samples ON then 15 samples OFF

0= 15 samples ON then 45 samples OFF
1= 45 samples ON then 15 samples OFF

1= 15 samples ON, 55 samples OFF
2= 15 samples ON, 13 samples OFF, 15 samples ON, 55 samples OFF
3 = 15 samples ON, 12 samples OFF, 15 samples ON, 12 samples OFF, 15 samples ON, 55 samples OFF
213 is traditionally on; 222 is traditionally off
44100 samples in a second 
1 sample = 2.26757369615e-05 = 22.676 us (MICROSECONDS) per sample
10 = 227us
12 = 270us
15 = 340us
45 = 1020us 
55 = 1247us
115 = 2608us
220 = 4994us

======================================================
1ON=


7 * sleep 220 (4994) then 001000110000110111110000111100
120 samples (2700us)
      222 222 222 13212 312 223 213 132 213 2212
1long 222 222 222 13212 312 223 213 132 213 2212
1long 222 222 222 13212 312 223 213 132 213 2212
1vlong 114 111 411 123 113 313 222 221 321 13211 
       114 111 411 123 113 313 222 221 321 13211
       114 111 411 123 113 313 222 221 321 13211
5 * 0100000100010001000101010
=======================================================
1OFF(?) =

7 * 00100101110100010000110001100
	222 222 222 13212 312 223 213 132 222 2212
       1222 222 222 13212 312 223 213 132 222 2212
       1222 222 222 13212 312 223 213 132 222 2212
1vlong 114 111 411 123 113 313 222 221 411 13211
       114 111 411 123 113 313 222 221 411 13211
       114 111 411 123 113 313 222 221 411 13211
5 * 0100000100010001000101000

========================================================
2 ON = 
7 *  00100100001110000001110001010
	222 222 222 13212 312 223 213 132 213 2131
	1222 222 222 13212 312 223 213 132 213 2131
	1222 222 222 13212 312 223 213 132 213 2131
1vlong  114 111 411 123 113 313 222 221 321 13121	
        114 111 411 123 113 313 222 221 321 13121	 
        114 111 411 123 113 313 222 221 321 13121	 
5 * 0100000100010100000101010
========================================================
2 OFF = 
7 * 00100110011111010101001010010
    222 222 222 13212 312 223 213 132 222 2131
   1222 222 222 13212 312 223 213 132 222 2131
   1222 222 222 13212 312 223 213 132 222 2131
1vlong 114 111 411 123 113 313 222 221 411 13121 
       114 111 411 123 113 313 222 221 411 13121 
       114 111 411 123 113 313 222 221 411 13121 
5 * 0100000100010100000101000
========================================================
3 ON = 
7 *
[220 samples gap
11100100101111011000010110010 ]
120 samples
	222 222 222 13212 312 223 213 132 213 2122
480 samples
       1 15 samples long
120 samples
	222 222 222 13212 312 223 213 132 213 2122
480 samples
       1 15 samples long
120 samples
	222 222 222 13212 312 223 213 132 213 2122
480 samples
       1 15 samples long
400 samples
	114 111 411 123 113 313 222 221 321 13112
400 samples
        114 111 411 123 113 313 222 221 321 13112
400 samples
        114 111 411 123 113 313 222 221 321 13112
440 samples
5 * 0100000100010101000101010
========================================================
3 OFF = 
7 * 11100110111101101000110101010
    222 222 222 13212 312 223 213 132 222 2122
   1222 222 222 13212 312 223 213 132 222 2122
   1222 222 222 13212 312 223 213 132 222 2122
 1
   114 111 411 123 113 313 222 221 411 13112	
   114 111 411 123 113 313 222 221 411 13112
   114 111 411 123 113 313 222 221 411 13112
5 * 0100000100010101000101000

0= 15 samples ON then 45 samples OFF
1= 45 samples ON then 15 samples OFF
2= 15 samples ON, 13 samples OFF, 15 samples ON
3 = 15 samples ON, 12 samples OFF, 15 samples ON, 12 samples OFF, 15 samples ON

