11100100101111011000010110010
11100100101111011000010110010
11100100101111011000010110010
11100100101111011000010110010
11100100101111011000010110010
11100100101111011000010110010
11100100101111011000010110010
222222222132123122232131322132122
1
222222222132123122232131322132122
1
222222222132123122232131322132122
1
11411141112311331322222132113112
11411141112311331322222132113112
11411141112311331322222132113112
0100000100010101000101010
0100000100010101000101010
0100000100010101000101010
0100000100010101000101010
0100000100010101000101010
